; Name diameter(mm) Length(mm) delay propellant_weight(kg) mass(kg)
O4400-I 143 2438 P 3.65 15.59 SSI
0.010 6037.853
0.200 5394.842
0.400 4779.991
0.590 4252.181
0.780 2091.017
0.980 658.697
1.170 267.599
1.360 180.293
1.560 152.731
1.750 138.381
1.940 126.779
2.140 115.838
2.330 106.282
2.520 97.332
2.720 88.607
2.910 80.829
3.110 73.102
3.300 66.178
3.490 59.712
3.690 70.465
3.880 68.226
4.070 66.159
4.270 64.122
4.460 62.292
4.650 60.564
4.850 58.844
5.040 57.309
5.230 55.869
5.430 54.429
5.613 0.000
